Automatically generated mesh
      16
Reciprocal lattice
    0.00000000000000    0.00000000000000    0.00000000000000             1
    0.09090909090909    0.00000000000000    0.00000000000000             6
    0.18181818181818    0.00000000000000    0.00000000000000             6
    0.27272727272727   -0.00000000000000    0.00000000000000             6
    0.36363636363636    0.00000000000000    0.00000000000000             6
    0.45454545454545    0.00000000000000    0.00000000000000             6
    0.09090909090909    0.09090909090909    0.00000000000000             6
    0.18181818181818    0.09090909090909    0.00000000000000            12
    0.27272727272727    0.09090909090909    0.00000000000000            12
    0.36363636363636    0.09090909090909    0.00000000000000            12
    0.45454545454545    0.09090909090909    0.00000000000000             6
    0.18181818181818    0.18181818181818    0.00000000000000             6
    0.27272727272727    0.18181818181818    0.00000000000000            12
    0.36363636363636    0.18181818181818    0.00000000000000            12
    0.27272727272727    0.27272727272727    0.00000000000000             6
    0.36363636363636    0.27272727272727    0.00000000000000             6
Tetrahedra
        66    0.00137741046832
        12         2         2         2         7
        12         1         2         2         2
         6         1         1         2         2
         6         2         2         7         7
        12         3         7         7         8
        12         2         3         7         7
        12         2         2         3         7
        12         3         7         8         8
        12         3         3         7         8
        12         2         3         3         7
        12         4         8         8         9
        12         3         4         8         8
        12         3         3         4         8
        12         4         8         9         9
        12         4         4         8         9
        12         3         4         4         8
        12         5         9         9        10
        12         4         5         9         9
        12         4         4         5         9
        12         5         9        10        10
        12         5         5         9        10
        12         4         5         5         9
        12         6        10        10        11
        12         5         6        10        10
        12         5         5         6        10
        12         6        10        11        11
        12         6         6        10        11
        12         5         6         6        10
         6         6         6        11        11
        12         6         6         6        11
        12         8         8         8        12
        12         7         8         8         8
         6         7         7         8         8
         6         8         8        12        12
        12         9        12        12        13
        12         8         9        12        12
        12         8         8         9        12
        12         9        12        13        13
        12         9         9        12        13
        12         8         9         9        12
        12        10        13        13        14
        12         9        10        13        13
        12         9         9        10        13
        12        10        13        14        14
        12        10        10        13        14
        12         9        10        10        13
        12        11        14        14        14
        12        10        11        14        14
        12        10        10        11        14
         6        11        11        14        14
        12        10        11        11        14
        12        13        13        13        15
        12        12        13        13        13
         6        12        12        13        13
         6        13        13        15        15
        12        14        15        15        16
        12        13        14        15        15
        12        13        13        14        15
        12        14        15        16        16
        12        14        14        15        16
        12        13        14        14        15
         6        14        14        16        16
        12        14        14        14        16
         6        16        16        16        16
        12        15        16        16        16
         6        15        15        16        16
